53,1
53,0
52,4
52,3
52,2
52,1
52,0
51,3
51,2
51,1
51,0
50,3
50,2
50,1
50,0
49,3
49,2
49,1
49,0
48,5
48,4
48,3
48,2
48,1
48,0
47,4
47,3
47,2
47,1
47,0
46,4
46,3
46,2
46,1
46,0
45,3
45,2
45,1
45,0
44,3
44,2
44,1
44,0
43,4
43,3
43,2
43,1
43,0
12,4
12,3
12,2
12,1
12,0
11,4
11,3
11,2
11,1
11,0
9,4
9,3
9,2
9,1
9,0
8,4
8,3
8,2
8,1
8,0
7,4
7,3
7,2
7,1
7,0
6,4
6,3
6,2
6,1
6,0
4,3
4,2
4,1
4,0
3,6
3,5
3,4
3,3
3,2
3,1
3,0
2,2
1,2
0,410
0,358
0,357
0,322
0,243
2,5
1,1
1,3
1,0
0,427
2,1
2,4
2,3
2,0
0,9
0,310
0,305
0,308
0,304
0,303
0,302
0,307
0,12
0,426
0,10
0,8
0,0
0,425
0,300
0,423
0,299
0,422
0,298
0,424
0,297
0,420
0,296
0,419
0,295
0,421
0,294
0,417
0,293
0,416
0,292
0,418
0,291
0,414
0,290
0,413
0,289
0,415
0,288
0,411
0,287
0,409
0,286
0,412
0,285
0,407
0,284
0,406
0,283
0,408
0,282
0,404
0,281
0,403
0,280
0,405
0,279
0,401
0,278
0,400
0,277
0,402
0,276
0,398
0,275
0,397
0,274
0,399
53,2
53,3
54,0
54,1
54,3
54,4
55,1
55,3
55,4
56,0
56,1
56,3
57,1
57,2
57,4
58,0
58,2
58,3
59,0
59,2
59,3
60,1
60,2
61,0
61,2
61,3
62,0
62,1
62,3
62,4
63,3
63,1
63,0
62,2
61,4
61,1
60,3
60,0
59,1
58,4
58,1
57,3
57,0
56,2
55,5
55,2
55,0
54,2
53,4
0,273
0,395
0,272
0,394
0,271
0,396
0,270
0,392
0,269
0,391
0,268
0,393
0,267
0,389
0,266
0,388
0,265
0,390
0,264
0,386
0,263
0,385
0,262
0,387
0,261
0,383
0,260
0,382
0,259
0,384
0,258
0,380
0,257
0,379
0,256
0,381
0,255
0,441
0,254
0,440
0,253
0,439
0,252
0,438
0,251
0,437
0,250
0,436
0,249
0,435
0,248
0,434
0,247
0,433
0,246
0,432
0,245
0,431
0,244
0,430
0,242
0,429
0,241
0,428
0,240
0,349
0,239
0,348
0,238
0,347
0,237
0,345
0,236
0,344
0,235
0,346
0,234
0,342
0,233
0,341
0,232
0,343
0,231
0,339
0,230
0,338
0,229
0,340
0,228
0,378
0,227
0,337
0,226
0,336
0,225
0,335
0,224
0,377
0,223
0,376
0,222
0,375
0,221
0,374
0,220
0,373
0,219
0,372
0,218
0,371
0,217
0,370
0,216
0,369
0,215
0,368
0,214
0,367
0,213
0,366
0,212
0,365
0,211
0,364
0,210
0,363
0,209
0,362
0,208
0,361
0,207
0,360
0,206
0,359
0,205
0,356
0,204
0,355
0,203
0,354
0,202
0,353
0,201
0,332
0,200
0,331
0,199
0,330
0,198
0,352
0,197
0,329
0,196
0,328
0,195
0,327
0,194
0,351
0,193
0,326
0,192
0,325
0,63
0,324
0,62
0,350
0,61
0,323
0,60
0,321
0,59
0,320
0,58
0,334
0,57
0,319
0,56
0,318
0,55
0,317
0,54
0,333
0,53
0,316
0,52
0,315
0,51
0,314
0,50
0,313
0,49
0,312
0,48
0,311
0,47
0,309
0,46
0,306
0,45
0,301
0,6
0,5
0,1
0,11
0,4
0,2
0,3
0,7
